n_rows = 144
 t  time   price    load       pv      surplus(L-PV)
  1 00:10  0.4248   3439.85      0.00   3439.85
  2 00:20  0.4245   3437.98      0.00   3437.98
  3 00:30  0.4269   3444.30      0.00   3444.30
  4 00:40  0.4272   3454.44      0.00   3454.44
  5 00:50  0.4271   3458.83      0.00   3458.83
  6 01:00  0.4285   3459.84      0.00   3459.84
  7 01:10  0.4311   3467.16      0.00   3467.16
  8 01:20  0.4302   3467.96      0.00   3467.96
  9 01:30  0.4279   3466.97      0.00   3466.97
 10 01:40  0.4312   3482.49      0.00   3482.49
 11 01:50  0.4333   3495.08      0.00   3495.08
 12 02:00  0.4311   3498.44      0.00   3498.44
 13 02:10  0.4293   3505.23      0.00   3505.23
 14 02:20  0.4324   3512.64      0.00   3512.64
 15 02:30  0.4367   3516.87      0.00   3516.87
 16 02:40  0.4348   3517.92      0.00   3517.92
 17 02:50  0.4335   3518.55      0.00   3518.55
 18 03:00  0.4357   3521.10      0.00   3521.10
 19 03:10  0.4374   3526.93      0.00   3526.93
 20 03:20  0.4371   3537.29      0.00   3537.29
 21 03:30  0.4356   3544.88      0.00   3544.88
 22 03:40  0.4353   3541.28      0.00   3541.28
 23 03:50  0.4360   3546.40      0.00   3546.40
 24 04:00  0.4378   3560.21      0.00   3560.21
 25 04:10  0.4401   3561.96      0.00   3561.96
 26 04:20  0.4389   3556.72      0.00   3556.72
 27 04:30  0.4364   3560.03      0.00   3560.03
 28 04:40  0.4393   3580.65      0.60   3580.05
 29 04:50  0.4422   3586.92      0.23   3586.68
 30 05:00  0.4395   3571.26      0.29   3570.97
 31 05:10  0.4333   3562.32     18.68   3543.64
 32 05:20  0.4439   3591.38     54.47   3536.91
 33 05:30  0.4301   3579.70    108.97   3470.73
 34 05:40  0.3713   3486.12    184.16   3301.96
 35 05:50  0.5708   3823.90    277.06   3546.84
 36 06:00  0.9099   4398.07    388.55   4009.52
 37 06:10  0.9368   4454.01    521.28   3932.73
 38 06:20  0.8758   4371.79    672.77   3699.02
 39 06:30  0.8759   4392.95    844.23   3548.73
 40 06:40  0.8601   4384.60   1039.67   3344.92
 41 06:50  0.8442   4434.78   1259.34   3175.44
 42 07:00  0.8334   4523.46   1508.63   3014.82
 43 07:10  0.8092   4524.07   1791.41   2732.66
 44 07:20  0.7972   4545.89   2085.49   2460.40
 45 07:30  0.7644   4523.24   2381.26   2141.98
 46 07:40  0.6899   4383.36   2683.18   1700.18
 47 07:50  0.8600   4910.46   2986.36   1924.10
 48 08:00  1.1617   5799.73   3289.20   2510.53
 49 08:10  1.1683   5884.83   3593.36   2291.46
 50 08:20  1.0956   5748.07   3890.73   1857.34
 51 08:30  1.0849   5769.06   4181.34   1587.72
 52 08:40  1.0610   5754.21   4471.77   1282.44
 53 08:50  1.0430   5824.18   4752.83   1071.35
 54 09:00  1.0360   5954.26   5021.91    932.35
 55 09:10  1.0147   5958.97   5285.41    673.56
 56 09:20  0.9922   5929.56   5543.17    386.38
 57 09:30  0.9700   5923.78   5788.41    135.37
 58 09:40  0.9422   5907.59   6012.13   -104.54
 59 09:50  0.9569   5899.13   6216.15   -317.03
 60 10:00  0.9977   5902.22   6409.59   -507.37
 61 10:10  0.9919   5897.48   6599.38   -701.90
 62 10:20  0.9588   5886.76   6766.72   -879.96
 63 10:30  0.9549   5873.47   6914.59  -1041.12
 64 10:40  0.9839   5858.03   7064.21  -1206.17
 65 10:50  0.7990   5844.99   7197.43  -1352.44
 66 11:00  0.5025   5839.06   7303.11  -1464.06
 67 11:10  0.4662   5838.71   7387.68  -1548.97
 68 11:20  0.5007   5823.44   7459.23  -1635.79
 69 11:30  0.4827   5814.79   7520.72  -1705.93
 70 11:40  0.4785   5832.40   7568.20  -1735.81
 71 11:50  0.4662   5712.90   7592.15  -1879.25
 72 12:00  0.4432   5519.46   7601.04  -2081.58
 73 12:10  0.4411   5494.79   7612.32  -2117.53
 74 12:20  0.4551   5514.45   7602.65  -2088.20
 75 12:30  0.4463   5485.83   7554.19  -2068.36
 76 12:40  0.4113   5462.36   7472.74  -2010.38
 77 12:50  0.5682   5566.11   7393.42  -1827.31
 78 13:00  0.8279   5725.75   7312.80  -1587.04
 79 13:10  0.8636   5739.50   7194.54  -1455.05
 80 13:20  0.8416   5714.68   7053.14  -1338.45
 81 13:30  0.8618   5717.85   6910.41  -1192.56
 82 13:40  0.8623   5708.25   6772.41  -1064.16
 83 13:50  0.9026   5696.92   6607.36   -910.44
 84 14:00  0.9754   5692.30   6412.51   -720.21
 85 14:10  1.0002   5687.13   6214.02   -526.89
 86 14:20  0.9978   5678.96   6000.71   -321.75
 87 14:30  1.0271   5669.45   5766.98    -97.53
 88 14:40  1.0906   5664.19   5521.51    142.69
 89 14:50  0.9376   5672.70   5268.78    403.92
 90 15:00  0.6694   5682.25   5009.72    672.54
 91 15:10  0.6600   5669.02   4743.45    925.57
 92 15:20  0.7217   5656.37   4471.22   1185.14
 93 15:30  0.7308   5657.09   4188.20   1468.88
 94 15:40  0.7534   5662.60   3889.39   1773.21
 95 15:50  0.7823   5669.26   3594.59   2074.67
 96 16:00  0.8055   5673.48   3303.89   2369.59
 97 16:10  0.8271   5671.01   2998.42   2672.59
 98 16:20  0.8519   5661.59   2687.41   2974.18
 99 16:30  0.8791   5665.89   2383.18   3282.71
100 16:40  0.9024   5689.04   2089.12   3599.91
101 16:50  0.9163   5603.66   1791.08   3812.58
102 17:00  0.9264   5466.71   1501.73   3964.98
103 17:10  0.9462   5467.39   1255.17   4212.22
104 17:20  0.9742   5464.73   1036.33   4428.39
105 17:30  0.9862   5492.45    836.78   4655.67
106 17:40  0.9760   5621.73    665.23   4956.50
107 17:50  1.0742   5091.21    516.68   4574.54
108 18:00  1.2313   4208.57    386.67   3821.90
109 18:10  1.2561   4122.76    275.79   3846.97
110 18:20  1.2447   4255.94    182.95   4072.98
111 18:30  1.2545   4225.95    108.34   4117.61
112 18:40  1.2522   4233.34     54.31   4179.03
113 18:50  1.2881   4246.46     18.66   4227.81
114 19:00  1.3466   4239.18      0.28   4238.90
115 19:10  1.3523   4244.67      0.23   4244.44
116 19:20  1.3445   4251.92      0.60   4251.32
117 19:30  1.3483   4256.68      0.00   4256.68
118 19:40  1.3490   4267.39      0.00   4267.39
119 19:50  1.3473   4269.98      0.00   4269.98
120 20:00  1.3482   4268.67      0.00   4268.67
121 20:10  1.3513   4282.22      0.00   4282.22
122 20:20  1.3400   4291.70      0.00   4291.70
123 20:30  1.3489   4291.36      0.00   4291.36
124 20:40  1.3952   4293.92      0.00   4293.92
125 20:50  1.2226   4295.21      0.00   4295.21
126 21:00  0.9332   4302.03      0.00   4302.03
127 21:10  0.9068   4320.96      0.00   4320.96
128 21:20  0.9371   4302.33      0.00   4302.33
129 21:30  0.9371   4322.68      0.00   4322.68
130 21:40  0.9871   4428.81      0.00   4428.81
131 21:50  0.7764   4030.16      0.00   4030.16
132 22:00  0.4209   3362.74      0.00   3362.74
133 22:10  0.3859   3309.39      0.00   3309.39
134 22:20  0.4368   3412.96      0.00   3412.96
135 22:30  0.4198   3381.93      0.00   3381.93
136 22:40  0.4186   3386.56      0.00   3386.56
137 22:50  0.4241   3400.48      0.00   3400.48
138 23:00  0.4237   3399.24      0.00   3399.24
139 23:10  0.4248   3406.98      0.00   3406.98
140 23:20  0.4240   3416.15      0.00   3416.15
141 23:30  0.4220   3421.98      0.00   3421.98
142 23:40  0.4240   3429.69      0.00   3429.69
143 23:50  0.4271   3439.06      0.00   3439.06
144 00:00  0.4276   3444.73      0.00   3444.73
